rho_L_max = [0.652361480202965,0.650670834360210,0.650028002457685,0.646690890335352,0.645930855616386,0.640956906279047,0.640770357364095,0.635177743656804,0.630312285693654,0.629329980062803,0.623431861047835,0.619658194539288,0.617459114425003,0.611429968735164,0.608790137730008,0.605319158539532,0.597687385245652,0.586325792373249,0.574676974818997,0.562707618954169,0.556604836157062,0.544103446746816,0.531160580648622,0.524502751032950,0.510762967920079,0.496371723704953,0.481196292621508,0.465054517798921,0.447685292357650,0.428692122287301,0.418398605566732,0.407422481822044,0.395594127333665,0.382664331555680,0.373639690751909,0.373639690751909,0.368241650254621,0.357969262631751,0.357969262631751,0.351649166685348,0.339413476523763,0.339413476523763,0.331580001616816,0.328491333671783,0.328491333671783,0.316612963162732,0.315661452950076,0.315661452950076,0.304402782229981,0.299758125140986,0.299758125140986,0.297204574712055,0.288874422404447,0.287400783613652,0.287400783613652,0.278767657214648,0.276911082913427,0.262938921380269,0.252713894253300,0.235097209637658,0.272683060992116,0.265443131185441,0.258269743431298,0.251451947391089,0.245642484395476,0.242067930168769,0.237725729116626,0.231971254680417,0.228354159567749,0.226160294509119];
rho_L_min = [0.651449118488198,0.649774150912285,0.649137246814499,0.645830609883695,0.645077446014530,0.640147818654972,0.639962910264825,0.634418743488476,0.629594270636475,0.628620107700004,0.622769943371883,0.619026112076940,0.616844112048233,0.610851957184966,0.608219962625116,0.604759226091366,0.597149726511322,0.585785007828880,0.574130213134865,0.562159042949910,0.556042574312565,0.543510160775750,0.530531665079735,0.523859528247206,0.510098842831234,0.495698086107430,0.480526137948622,0.464402868387594,0.447069788062111,0.428133870905188,0.417847577049802,0.406862163473540,0.395028326623196,0.382098921933204,0.373079170693950,0.373079170693950,0.367686103288639,0.357422584445684,0.357422584445684,0.351102987067862,0.338866141766548,0.338866141766548,0.331004367197762,0.327906268779743,0.327906268779743,0.316007393954850,0.315055443811449,0.315055443811449,0.303807256359762,0.299174337518137,0.299174337518137,0.296615256414774,0.288277853515592,0.286804819420044,0.286804819420044,0.278188296384099,0.276334389524645,0.262261785278988,0.251957121596654,0.234235316216697,0.272088036435267,0.264788606444799,0.257552730531001,0.250688045963002,0.244860916388002,0.241275716898721,0.236883880283579,0.231102262901125,0.226800011533717,0.223858473689332];   

Temp_max_min = [88.71 90.37 91 94.26 95 99.82 100 105.37 110 110.93 116.48 120 122.04 127.59 130 133.15 140 150 160 170 175 185 195 200 210 220 230 240 250 260 265 270 275 280 283.2 283.2 285 288.19 288.19 290 293.18 293.18 295 295.67 295.67 298 298.17 298.17 300 300.66 300.66 301 302 302.16 302.16 303 303.16 304.15 304.65 305.15 303.5 304 304.4 304.7 304.9 305 305.1 305.2 305.25 305.275]; 

rho_L_max = [0.555717633253195,0.543380599275713,0.530630588715477,0.524069120032542,0.510525141657048,0.496322595725396,0.481322423231515,0.465330504852573,0.448093171960416,0.429152817379124,0.418838581513615,0.407804494176200,0.395873576885638];
rho_L_min = [0.555556615686326,0.543274663406068,0.530547901517494,0.523991230195600,0.510441962128220,0.496240177832371,0.481239577801742,0.465246725888757,0.447986831575482,0.429048591030987,0.418744475340588,0.407693093557377,0.395715934567312];

Temp_max_min = [175,185,195,200,210,220,230,240,250,260,265,270,275];

rho_L_max = [0.552058411557022,0.528022046008268,0.500660025932504,0.471860104991823,0.436971102228561,0.395873576885638];
rho_L_min = [0.551915206783632,0.527943267535955,0.500576620539026,0.471780110769341,0.436861197777138,0.395715934567312];

Temp_max_min = [178 197 217 236 256 275];